699;186;721;272;743;358;765;444;787;530;808;616;830;702;852;788;874;874;
554;272;507;444;461;616;414;788;1279;101;1279;273;1279;445;1279;617;1279;789;
318;313;485;526;427;739;370;952;1279;306;1279;519;1279;732;1279;945;1279;345;
573;186;550;272;526;358;503;444;479;530;456;616;432;702;409;788;385;874;
550;272;503;444;456;616;409;788;1279;101;1279;273;1279;445;1279;617;1279;789;
317;313;480;526;422;739;364;952;1279;306;1279;519;1279;732;1279;945;1279;327;
573;186;550;272;526;358;502;444;479;530;455;616;432;702;408;788;385;874;
550;272;502;444;455;616;408;788;1279;101;1279;273;1279;445;1279;617;1279;789;
318;313;480;526;422;739;363;952;1279;306;1279;519;1279;732;1279;945;1279;327;
577;186;553;272;530;358;507;444;483;530;460;616;436;702;413;788;390;874;
553;272;507;444;460;616;413;788;1279;101;1279;273;1279;445;1279;617;1279;789;
313;312;485;524;427;736;369;948;1279;301;1279;513;1279;725;1279;937;1279;340;
579;186;556;272;532;358;509;444;486;530;463;616;439;702;416;788;393;874;
556;272;509;444;463;616;416;788;1279;101;1279;273;1279;445;1279;617;1279;789;
320;313;487;526;429;739;371;952;1279;306;1279;519;1279;732;1279;945;1279;346;
579;186;556;272;533;358;510;444;486;530;463;616;440;702;417;788;393;874;
556;272;510;444;463;616;417;788;1279;101;1279;273;1279;445;1279;617;1279;789;
324;314;487;528;429;742;371;956;1279;311;1279;525;1279;739;1279;953;1279;347;
579;186;556;272;533;358;510;444;487;530;464;616;441;702;418;788;394;874;
556;272;510;444;464;616;418;788;1279;101;1279;273;1279;445;1279;617;1279;789;
328;314;487;528;430;742;372;956;1279;311;1279;525;1279;739;1279;953;1279;340;
704;186;726;272;748;358;770;444;793;530;815;616;837;702;859;788;882;874;
557;272;511;444;465;616;420;788;1279;101;1279;273;1279;445;1279;617;1279;789;
320;313;489;526;433;739;376;952;1279;306;1279;519;1279;732;1279;945;1279;345;
581;186;558;272;535;358;512;444;490;530;467;616;444;702;421;788;399;874;
558;272;512;444;467;616;421;788;1279;101;1279;273;1279;445;1279;617;1279;789;
330;314;490;528;434;742;377;956;1279;311;1279;525;1279;739;1279;953;1279;342;
581;186;558;272;536;358;513;444;490;530;468;616;445;702;423;788;400;874;
558;272;513;444;468;616;423;788;1279;101;1279;273;1279;445;1279;617;1279;789;
327;314;491;528;435;742;378;956;1279;311;1279;525;1279;739;1279;953;1279;346;
580;186;558;272;535;358;513;444;490;530;468;616;445;702;423;788;400;874;
558;272;513;444;468;616;423;788;1279;101;1279;273;1279;445;1279;617;1279;789;
336;315;175;530;434;745;1279;101;1279;316;1279;531;1279;746;1279;127;1279;342;
580;186;558;272;536;358;513;444;491;530;468;616;446;702;424;788;401;874;
558;272;513;444;468;616;424;788;1279;101;1279;273;1279;445;1279;617;1279;789;
330;315;491;530;435;745;1279;101;1279;316;1279;531;1279;746;1279;136;1279;351;
580;186;558;272;536;358;513;444;491;530;469;616;447;702;424;788;402;874;
558;272;513;444;469;616;424;788;1279;101;1279;273;1279;445;1279;617;1279;789;
337;316;175;532;435;748;1279;105;1279;321;1279;537;1279;753;1279;135;1279;351;
581;186;559;272;537;358;514;444;492;530;470;616;448;702;425;788;403;874;
559;272;514;444;470;616;425;788;1279;101;1279;273;1279;445;1279;617;1279;789;
317;313;493;526;438;739;383;952;1279;306;1279;519;1279;732;1279;945;1279;355;
583;186;560;272;538;358;516;444;494;530;472;616;449;702;427;788;405;874;
560;272;516;444;472;616;427;788;1279;101;1279;273;1279;445;1279;617;1279;789;
336;315;494;530;438;745;1279;101;1279;316;1279;531;1279;746;1279;138;1279;353;
583;186;561;272;539;358;516;444;494;530;472;616;450;702;428;788;405;874;
561;272;516;444;472;616;428;788;1279;101;1279;273;1279;445;1279;617;1279;789;
323;313;495;526;440;739;385;952;1279;306;1279;519;1279;732;1279;945;1279;356;
582;186;560;272;538;358;516;444;494;530;471;616;449;702;427;788;405;874;
560;272;516;444;471;616;427;788;1279;101;1279;273;1279;445;1279;617;1279;789;
334;315;494;530;438;745;1279;101;1279;316;1279;531;1279;746;1279;141;1279;356;
582;186;560;272;537;358;515;444;493;530;471;616;448;702;426;788;404;874;
560;272;515;444;471;616;426;788;1279;101;1279;273;1279;445;1279;617;1279;789;
335;315;493;530;437;745;1279;101;1279;316;1279;531;1279;746;1279;138;1279;353;
581;186;559;272;537;358;514;444;492;530;470;616;447;702;425;788;403;874;
559;272;514;444;470;616;425;788;1279;101;1279;273;1279;445;1279;617;1279;789;
335;315;492;530;436;745;1279;101;1279;316;1279;531;1279;746;1279;137;1279;352;
581;186;559;272;536;358;514;444;491;530;469;616;447;702;424;788;402;874;
559;272;514;444;469;616;424;788;1279;101;1279;273;1279;445;1279;617;1279;789;
325;314;492;528;436;742;381;956;1279;311;1279;525;1279;739;1279;953;1279;356;
